Path of image calibrated:Inputs/left.jpg
ImageCoordinate:[[389. 424. 392. 424. 393. 429. 259. 325. 260. 324. 259. 328.]
 [269. 246. 198. 177. 128. 105. 260. 276. 189. 205. 115. 131.]
 [  1.   1.   1.   1.   1.   1.   1.   1.   1.   1.   1.   1.]]
WorldCoordinate:[[ 49. 129.  49. 129.  49. 129.   0.   0.   0.   0.   0.   0.]
 [  0.   0.   0.   0.   0.   0. 129.  49. 129.  49. 129.  49.]
 [ 65.  65. 145. 145. 225. 225.  65.  65. 145. 145. 225. 225.]
 [  1.   1.   1.   1.   1.   1.   1.   1.   1.   1.   1.   1.]]
ProjectionMatrix:[[-5.83331374e-01  8.01610366e-01  5.01707094e-02 -3.64816642e+02]
 [ 2.20999671e-01  1.75623288e-01  9.22421565e-01 -3.41715292e+02]
 [-3.45865461e-04 -7.30328795e-05  1.96098710e-04 -9.99999918e-01]]
Intrinsic:[[2.10306755e-04 0.00000000e+00 1.53048673e-04]
 [0.00000000e+00 1.96790822e-04 9.16232516e-05]
 [0.00000000e+00 0.00000000e+00 1.00000000e+00]]
Extrinsic:[[-2.77371652e+03  3.81162449e+03  2.38559524e+02 -1.73468745e+06]
 [ 1.12301834e+03  8.92436407e+02  4.68731995e+03 -1.73643870e+06]
 [-3.45865461e-04 -7.30328795e-05  1.96098710e-04 -9.99999918e-01]
 [ 0.00000000e+00  0.00000000e+00  0.00000000e+00  1.00000000e+00]]
RotationMatrix:[[-2.77371652e+03  3.81162449e+03  2.38559524e+02]
 [ 1.12301834e+03  8.92436407e+02  4.68731995e+03]
 [-3.45865461e-04 -7.30328795e-05  1.96098710e-04]]
TranslationMatrix:[-1.73468745e+06 -1.73643870e+06 -9.99999918e-01]


Path of image calibrated:Inputs/right.jpg
ImageCoordinate:[[392. 458. 395. 464. 398. 467. 302. 331. 304. 333. 305. 335.]
 [277. 266. 206. 197. 132. 126. 239. 265. 171. 196. 100. 124.]
 [  1.   1.   1.   1.   1.   1.   1.   1.   1.   1.   1.   1.]]
WorldCoordinate:[[ 49. 129.  49. 129.  49. 129.   0.   0.   0.   0.   0.   0.]
 [  0.   0.   0.   0.   0.   0. 129.  49. 129.  49. 129.  49.]
 [ 65.  65. 145. 145. 225. 225.  65.  65. 145. 145. 225. 225.]
 [  1.   1.   1.   1.   1.   1.   1.   1.   1.   1.   1.   1.]]
ProjectionMatrix:[[ 9.50887548e-01 -2.29979330e-01 -5.34383197e-02  3.47713553e+02]
 [-5.87040593e-02 -2.32033096e-01 -9.24616594e-01  3.38654901e+02]
 [ 2.58549508e-04  4.33187625e-04 -2.34552871e-04  9.99999845e-01]]
Intrinsic:[[2.65565527e-04 0.00000000e+00 1.58761419e-04]
 [0.00000000e+00 2.39513347e-04 1.01179705e-04]
 [0.00000000e+00 0.00000000e+00 1.00000000e+00]]
Extrinsic:[[ 3.58061349e+03 -8.65998693e+02 -2.01224471e+02  1.30933182e+06]
 [-2.45097345e+02 -9.68769143e+02 -3.86039685e+03  1.41392872e+06]
 [ 2.58549508e-04  4.33187625e-04 -2.34552871e-04  9.99999845e-01]
 [ 0.00000000e+00  0.00000000e+00  0.00000000e+00  1.00000000e+00]]
RotationMatrix:[[ 3.58061349e+03 -8.65998693e+02 -2.01224471e+02]
 [-2.45097345e+02 -9.68769143e+02 -3.86039685e+03]
 [ 2.58549508e-04  4.33187625e-04 -2.34552871e-04]]
TranslationMatrix:[1.30933182e+06 1.41392872e+06 9.99999845e-01]


Mean Squared Error between Real World Coordinates: and Predicted World Coordinates : 3.973734258665852

